id,predict_0,predict_1,predict_2
11066,0.9931818181818182,0.006818181818181818,0.0
18000,0.09090909090909091,0.07272727272727272,0.8363636363636363
16964,0.9931818181818182,0.006818181818181818,0.0
4795,0.4318181818181818,0.5590909090909091,0.00909090909090909
3392,0.3068181818181818,0.6659090909090909,0.02727272727272727
3795,0.5431818181818182,0.43863636363636366,0.01818181818181818
2881,0.9295454545454546,0.07045454545454545,0.0
1903,0.19545454545454546,0.125,0.6795454545454546
5245,0.7727272727272727,0.18863636363636363,0.038636363636363635
6726,0.9568181818181818,0.038636363636363635,0.004545454545454545
1311,0.8704545454545455,0.12954545454545455,0.0
15795,0.2840909090909091,0.7159090909090909,0.0
4315,0.9659090909090909,0.031818181818181815,0.0022727272727272726
3393,0.225,0.22272727272727272,0.5522727272727272
6764,0.85,0.07954545454545454,0.07045454545454545
13039,0.4772727272727273,0.5227272727272727,0.0
12331,0.42045454545454547,0.26590909090909093,0.31363636363636366
14276,0.42045454545454547,0.45454545454545453,0.125
14638,0.475,0.525,0.0
6573,0.9818181818181818,0.01818181818181818,0.0
2222,0.8,0.00909090909090909,0.19090909090909092
8824,0.9454545454545454,0.05454545454545454,0.0
6360,0.7090909090909091,0.2818181818181818,0.00909090909090909
7553,0.7,0.12045454545454545,0.17954545454545454
13760,0.9568181818181818,0.03636363636363636,0.006818181818181818
4284,0.6045454545454545,0.3159090909090909,0.07954545454545454
1356,0.9227272727272727,0.07272727272727272,0.004545454545454545
3410,0.9863636363636363,0.011363636363636364,0.0022727272727272726
4830,0.5522727272727272,0.40454545454545454,0.04318181818181818
8998,0.29772727272727273,0.6727272727272727,0.029545454545454545
18052,0.975,0.025,0.0
7539,0.9159090909090909,0.08409090909090909,0.0
9529,0.9068181818181819,0.07954545454545454,0.013636363636363636
3656,0.9295454545454546,0.06363636363636363,0.006818181818181818
14238,0.6318181818181818,0.1409090909090909,0.22727272727272727
2682,0.5545454545454546,0.44545454545454544,0.0
7312,0.48863636363636365,0.41363636363636364,0.09772727272727273
12971,0.7204545454545455,0.22045454545454546,0.05909090909090909
10735,0.9977272727272727,0.0022727272727272726,0.0
4050,0.8340909090909091,0.1409090909090909,0.025
5943,0.95,0.05,0.0
6482,0.4590909090909091,0.5409090909090909,0.0
9746,0.06818181818181818,0.09545454545454546,0.8363636363636363
13320,0.02727272727272727,0.045454545454545456,0.9272727272727272
803,0.7840909090909091,0.16136363636363638,0.05454545454545454
15437,0.8590909090909091,0.10681818181818181,0.03409090909090909
12302,0.9863636363636363,0.013636363636363636,0.0
12271,0.8954545454545455,0.10454545454545454,0.0
5341,0.8886363636363637,0.08409090909090909,0.02727272727272727
4427,0.9954545454545455,0.004545454545454545,0.0
529,0.8727272727272727,0.10227272727272728,0.025
2022,0.8431818181818181,0.12954545454545455,0.02727272727272727
14625,0.9886363636363636,0.011363636363636364,0.0
2922,0.13636363636363635,0.7886363636363637,0.075
16330,0.05909090909090909,0.2863636363636364,0.6545454545454545
12890,0.9795454545454545,0.020454545454545454,0.0
2140,0.6090909090909091,0.39090909090909093,0.0
13484,0.9772727272727273,0.022727272727272728,0.0
12392,0.9840909090909091,0.015909090909090907,0.0
2322,0.5636363636363636,0.07954545454545454,0.3568181818181818
567,0.9068181818181819,0.020454545454545454,0.07272727272727272
4436,0.6931818181818182,0.30454545454545456,0.0022727272727272726
12156,1.0,0.0,0.0
7508,0.6090909090909091,0.375,0.015909090909090907
6184,0.9136363636363637,0.05454545454545454,0.031818181818181815
12213,0.9454545454545454,0.022727272727272728,0.031818181818181815
6458,0.14545454545454545,0.5045454545454545,0.35
13967,0.9363636363636364,0.06363636363636363,0.0
894,0.7386363636363636,0.21818181818181817,0.04318181818181818
7461,0.17272727272727273,0.625,0.20227272727272727
8949,0.8613636363636363,0.13863636363636364,0.0
3477,0.5295454545454545,0.45227272727272727,0.01818181818181818
2779,0.9727272727272728,0.02727272727272727,0.0
13551,0.38636363636363635,0.5409090909090909,0.07272727272727272
8297,0.9136363636363637,0.08409090909090909,0.0022727272727272726
5050,0.4340909090909091,0.5477272727272727,0.01818181818181818
10716,0.6909090909090909,0.3090909090909091,0.0
16075,0.775,0.20909090909090908,0.015909090909090907
1366,0.3659090909090909,0.6113636363636363,0.022727272727272728
774,0.9727272727272728,0.02727272727272727,0.0
7406,0.5727272727272728,0.4090909090909091,0.01818181818181818
2526,0.45454545454545453,0.09090909090909091,0.45454545454545453
9649,0.7090909090909091,0.2863636363636364,0.004545454545454545
16115,0.2636363636363636,0.5863636363636363,0.15
14749,0.3568181818181818,0.23636363636363636,0.4068181818181818
14952,0.8340909090909091,0.15227272727272728,0.013636363636363636
4786,0.8818181818181818,0.03636363636363636,0.08181818181818182
16513,0.7022727272727273,0.2909090909090909,0.006818181818181818
2002,1.0,0.0,0.0
4701,0.6909090909090909,0.30454545454545456,0.004545454545454545
7742,0.6590909090909091,0.18409090909090908,0.15681818181818183
5905,0.49772727272727274,0.48863636363636365,0.013636363636363636
685,0.5954545454545455,0.29545454545454547,0.10909090909090909
11857,0.6681818181818182,0.33181818181818185,0.0
11628,0.30454545454545456,0.525,0.17045454545454544
15024,0.7977272727272727,0.20227272727272727,0.0
4168,0.8545454545454545,0.11818181818181818,0.02727272727272727
11914,0.9431818181818182,0.04772727272727273,0.00909090909090909
5293,0.9931818181818182,0.006818181818181818,0.0
3374,0.5022727272727273,0.49772727272727274,0.0
13055,1.0,0.0,0.0
17759,0.3568181818181818,0.6,0.04318181818181818
590,0.7,0.29318181818181815,0.006818181818181818
1353,0.9568181818181818,0.04318181818181818,0.0
11938,0.05,0.41363636363636364,0.5363636363636364
1018,0.05909090909090909,0.42727272727272725,0.5136363636363637
14945,0.9181818181818182,0.08181818181818182,0.0
1001,0.7795454545454545,0.21363636363636362,0.006818181818181818
3587,0.9113636363636364,0.06136363636363636,0.02727272727272727
868,1.0,0.0,0.0
9296,0.2863636363636364,0.08181818181818182,0.6318181818181818
12455,0.865909090909091,0.12954545454545455,0.004545454545454545
17132,0.9,0.09090909090909091,0.00909090909090909
10240,0.9522727272727273,0.011363636363636364,0.03636363636363636
3696,0.1159090909090909,0.3477272727272727,0.5363636363636364
10355,0.2681818181818182,0.6954545454545454,0.03636363636363636
2206,0.3568181818181818,0.6363636363636364,0.006818181818181818
14590,1.0,0.0,0.0
13191,0.8318181818181818,0.1318181818181818,0.03636363636363636
5882,0.9840909090909091,0.015909090909090907,0.0
12653,0.6772727272727272,0.32272727272727275,0.0
1491,0.5022727272727273,0.48409090909090907,0.013636363636363636
1176,0.6068181818181818,0.3704545454545455,0.022727272727272728
11246,0.10227272727272728,0.16590909090909092,0.7318181818181818
14557,0.15,0.5863636363636363,0.2636363636363636
4772,0.05,0.5295454545454545,0.42045454545454547
17192,0.6727272727272727,0.32727272727272727,0.0
10637,0.9159090909090909,0.08409090909090909,0.0
3281,0.7795454545454545,0.21818181818181817,0.0022727272727272726
3191,0.6318181818181818,0.3159090909090909,0.05227272727272727
672,0.7818181818181819,0.21818181818181817,0.0
6301,0.9545454545454546,0.045454545454545456,0.0
10309,0.9863636363636363,0.013636363636363636,0.0
1734,0.35909090909090907,0.6409090909090909,0.0
2990,0.37727272727272726,0.5,0.12272727272727273
5746,0.6454545454545455,0.35,0.004545454545454545
15289,0.9795454545454545,0.020454545454545454,0.0
2971,1.0,0.0,0.0
9771,0.7954545454545454,0.11363636363636363,0.09090909090909091
11253,0.5454545454545454,0.4022727272727273,0.05227272727272727
14576,0.4863636363636364,0.48409090909090907,0.029545454545454545
4688,0.990909090909091,0.0022727272727272726,0.006818181818181818
14469,0.48409090909090907,0.4863636363636364,0.029545454545454545
9298,0.9590909090909091,0.020454545454545454,0.020454545454545454
16099,0.12272727272727273,0.8704545454545455,0.006818181818181818
17316,0.14545454545454545,0.5431818181818182,0.31136363636363634
15212,1.0,0.0,0.0
10691,0.9590909090909091,0.020454545454545454,0.020454545454545454
3805,0.9704545454545455,0.029545454545454545,0.0
6418,0.6,0.27954545454545454,0.12045454545454545
1158,0.5272727272727272,0.4727272727272727,0.0
7768,0.990909090909091,0.00909090909090909,0.0
4834,0.06136363636363636,0.17727272727272728,0.7613636363636364
10914,0.2818181818181818,0.7181818181818181,0.0
14606,0.48409090909090907,0.5,0.015909090909090907
3220,0.740909090909091,0.2318181818181818,0.02727272727272727
10433,0.9204545454545454,0.075,0.004545454545454545
11251,0.2431818181818182,0.3568181818181818,0.4
8084,0.9954545454545455,0.004545454545454545,0.0
522,0.865909090909091,0.12727272727272726,0.006818181818181818
17299,0.9318181818181818,0.06818181818181818,0.0
15587,0.9,0.06136363636363636,0.038636363636363635
1563,0.1590909090909091,0.47954545454545455,0.3613636363636364
8252,0.8431818181818181,0.15454545454545454,0.0022727272727272726
17802,0.6545454545454545,0.045454545454545456,0.3
2738,0.9136363636363637,0.07272727272727272,0.013636363636363636
9896,0.9272727272727272,0.06818181818181818,0.004545454545454545
14609,0.9818181818181818,0.01818181818181818,0.0
10463,1.0,0.0,0.0
1280,0.5545454545454546,0.325,0.12045454545454545
977,0.3977272727272727,0.5068181818181818,0.09545454545454546
979,0.7431818181818182,0.2409090909090909,0.015909090909090907
10908,1.0,0.0,0.0
12569,0.9431818181818182,0.03636363636363636,0.020454545454545454
6078,0.9113636363636364,0.015909090909090907,0.07272727272727272
18339,1.0,0.0,0.0
13799,0.39545454545454545,0.5136363636363637,0.09090909090909091
7193,0.05227272727272727,0.09318181818181819,0.8545454545454545
8243,0.5159090909090909,0.475,0.00909090909090909
13622,1.0,0.0,0.0
5885,0.8454545454545455,0.15454545454545454,0.0
5768,0.9659090909090909,0.020454545454545454,0.013636363636363636
632,0.7522727272727273,0.23636363636363636,0.011363636363636364
3314,1.0,0.0,0.0
3664,0.5227272727272727,0.41818181818181815,0.05909090909090909
18518,0.7295454545454545,0.26590909090909093,0.004545454545454545
7687,0.9954545454545455,0.004545454545454545,0.0
17889,0.30227272727272725,0.48409090909090907,0.21363636363636362
12943,0.7863636363636364,0.125,0.08863636363636364
3581,0.615909090909091,0.3840909090909091,0.0
13802,0.9727272727272728,0.025,0.0022727272727272726
17702,0.475,0.4818181818181818,0.04318181818181818
12342,0.9954545454545455,0.004545454545454545,0.0
11185,0.9954545454545455,0.004545454545454545,0.0
15675,0.9886363636363636,0.011363636363636364,0.0
6716,0.7113636363636363,0.27954545454545454,0.00909090909090909
17790,0.2409090909090909,0.759090909090909,0.0
17791,0.5159090909090909,0.41818181818181815,0.0659090909090909
6145,0.9295454545454546,0.07045454545454545,0.0
18237,0.35454545454545455,0.5636363636363636,0.08181818181818182
10523,0.5795454545454546,0.3840909090909091,0.03636363636363636
4356,0.5022727272727273,0.4590909090909091,0.038636363636363635
7482,0.39090909090909093,0.6090909090909091,0.0
5856,0.8954545454545455,0.05909090909090909,0.045454545454545456
5011,0.09090909090909091,0.225,0.6840909090909091
15872,0.9977272727272727,0.0022727272727272726,0.0
6609,0.6840909090909091,0.3159090909090909,0.0
995,0.990909090909091,0.004545454545454545,0.004545454545454545
4680,0.9454545454545454,0.05227272727272727,0.0022727272727272726
18327,0.45227272727272727,0.4727272727272727,0.075
8484,0.3386363636363636,0.6613636363636364,0.0
16968,0.5045454545454545,0.46136363636363636,0.03409090909090909
8305,0.9795454545454545,0.020454545454545454,0.0
7012,0.9022727272727272,0.09772727272727273,0.0
13465,0.02727272727272727,0.16818181818181818,0.8045454545454546
8375,0.9863636363636363,0.013636363636363636,0.0
15629,0.4590909090909091,0.5340909090909091,0.006818181818181818
12296,0.9954545454545455,0.004545454545454545,0.0
458,0.4090909090909091,0.3090909090909091,0.2818181818181818
18124,0.015909090909090907,0.19545454545454546,0.7886363636363637
4430,0.0659090909090909,0.5931818181818181,0.3409090909090909
14443,0.3659090909090909,0.5954545454545455,0.038636363636363635
15275,0.9727272727272728,0.022727272727272728,0.004545454545454545
4470,0.09772727272727273,0.09545454545454546,0.8068181818181818
13831,0.9840909090909091,0.015909090909090907,0.0
7696,0.9704545454545455,0.025,0.004545454545454545
15172,0.8227272727272728,0.11136363636363636,0.0659090909090909
16647,0.9818181818181818,0.011363636363636364,0.006818181818181818
14209,0.29318181818181815,0.6704545454545454,0.03636363636363636
18121,0.9545454545454546,0.045454545454545456,0.0
12144,0.06136363636363636,0.9386363636363636,0.0
800,0.8295454545454546,0.17045454545454544,0.0
13200,0.3886363636363636,0.6068181818181818,0.004545454545454545
5724,0.075,0.17727272727272728,0.7477272727272727
15722,0.7909090909090909,0.14545454545454545,0.06363636363636363
6660,0.8,0.2,0.0
8394,0.7318181818181818,0.2681818181818182,0.0
5554,0.5431818181818182,0.3522727272727273,0.10454545454545454
10381,0.8454545454545455,0.15454545454545454,0.0
15783,0.9545454545454546,0.045454545454545456,0.0
10907,0.5477272727272727,0.425,0.02727272727272727
11455,0.9772727272727273,0.022727272727272728,0.0
5992,0.17954545454545454,0.47954545454545455,0.3409090909090909
16564,0.0659090909090909,0.21818181818181817,0.7159090909090909
7933,0.3613636363636364,0.5704545454545454,0.06818181818181818
16008,0.9704545454545455,0.029545454545454545,0.0
7265,0.9090909090909091,0.075,0.015909090909090907
11095,0.2681818181818182,0.7318181818181818,0.0
2181,0.08636363636363636,0.4159090909090909,0.49772727272727274
8845,0.8159090909090909,0.17954545454545454,0.004545454545454545
13617,0.6090909090909091,0.39090909090909093,0.0
17228,0.9818181818181818,0.015909090909090907,0.0022727272727272726
16321,0.9681818181818181,0.031818181818181815,0.0
14851,1.0,0.0,0.0
9613,0.9522727272727273,0.04772727272727273,0.0
3121,0.9772727272727273,0.022727272727272728,0.0
4840,1.0,0.0,0.0
18216,0.42272727272727273,0.5295454545454545,0.04772727272727273
17113,0.5931818181818181,0.3977272727272727,0.00909090909090909
4775,0.9590909090909091,0.01818181818181818,0.022727272727272728
14105,0.9386363636363636,0.04318181818181818,0.01818181818181818
4993,0.43636363636363634,0.5636363636363636,0.0
8901,0.8636363636363636,0.06363636363636363,0.07272727272727272
15443,0.6818181818181818,0.31363636363636366,0.004545454545454545
435,0.9681818181818181,0.031818181818181815,0.0
4595,0.475,0.475,0.05
14503,0.6909090909090909,0.3090909090909091,0.0
2191,0.13863636363636364,0.8204545454545454,0.04090909090909091
2163,0.8068181818181818,0.18863636363636363,0.004545454545454545
9987,1.0,0.0,0.0
16234,0.3090909090909091,0.375,0.3159090909090909
3834,0.6295454545454545,0.1,0.27045454545454545
13133,0.34545454545454546,0.6545454545454545,0.0
13909,0.19545454545454546,0.4318181818181818,0.37272727272727274
9952,0.4681818181818182,0.49772727272727274,0.03409090909090909
3666,0.225,0.775,0.0
6072,0.925,0.06136363636363636,0.013636363636363636
2936,0.029545454545454545,0.05909090909090909,0.9113636363636364
6497,0.7795454545454545,0.17045454545454544,0.05
5645,0.7863636363636364,0.20454545454545456,0.00909090909090909
15476,0.8454545454545455,0.11363636363636363,0.04090909090909091
8472,1.0,0.0,0.0
15687,0.4659090909090909,0.5340909090909091,0.0
10682,0.990909090909091,0.00909090909090909,0.0
10772,0.7068181818181818,0.2840909090909091,0.00909090909090909
8156,0.04090909090909091,0.42727272727272725,0.5318181818181819
10436,0.8090909090909091,0.09090909090909091,0.1
16827,0.9931818181818182,0.006818181818181818,0.0
12299,0.09090909090909091,0.4159090909090909,0.49318181818181817
9258,0.12272727272727273,0.2681818181818182,0.6090909090909091
4759,0.4159090909090909,0.5840909090909091,0.0
8989,0.44545454545454544,0.5386363636363637,0.015909090909090907
14823,1.0,0.0,0.0
17270,0.18181818181818182,0.7704545454545455,0.04772727272727273
2005,0.9795454545454545,0.01818181818181818,0.0022727272727272726
15757,0.9795454545454545,0.020454545454545454,0.0
14476,0.7363636363636363,0.2636363636363636,0.0
17243,0.17045454545454544,0.6227272727272727,0.20681818181818182
3908,0.6681818181818182,0.325,0.006818181818181818
781,0.9590909090909091,0.025,0.015909090909090907
5398,0.6431818181818182,0.25681818181818183,0.1
2687,0.5863636363636363,0.36818181818181817,0.045454545454545456
5017,0.7931818181818182,0.1340909090909091,0.07272727272727272
140,0.6977272727272728,0.2840909090909091,0.01818181818181818
14897,0.8954545454545455,0.09090909090909091,0.013636363636363636
1487,0.625,0.08636363636363636,0.28863636363636364
18371,1.0,0.0,0.0
10170,0.9795454545454545,0.00909090909090909,0.011363636363636364
3464,0.7954545454545454,0.12272727272727273,0.08181818181818182
1535,0.7931818181818182,0.2,0.006818181818181818
1442,0.625,0.35909090909090907,0.015909090909090907
7249,0.5022727272727273,0.4636363636363636,0.03409090909090909
17510,0.15454545454545454,0.8363636363636363,0.00909090909090909
418,0.9977272727272727,0.0022727272727272726,0.0
16274,0.09090909090909091,0.2863636363636364,0.6227272727272727
12497,0.825,0.15227272727272728,0.022727272727272728
17309,0.9590909090909091,0.038636363636363635,0.0022727272727272726
3891,0.8613636363636363,0.07272727272727272,0.0659090909090909
8437,0.9931818181818182,0.006818181818181818,0.0
9950,0.9340909090909091,0.0659090909090909,0.0
5316,0.8522727272727273,0.1409090909090909,0.006818181818181818
12979,0.6318181818181818,0.36818181818181817,0.0
14648,0.7227272727272728,0.2727272727272727,0.004545454545454545
8194,0.9363636363636364,0.05454545454545454,0.00909090909090909
10386,0.1409090909090909,0.35909090909090907,0.5
12749,0.16818181818181818,0.42045454545454547,0.4113636363636364
16508,0.9363636363636364,0.06363636363636363,0.0
16386,0.9840909090909091,0.015909090909090907,0.0
12933,0.8159090909090909,0.18181818181818182,0.0022727272727272726
2830,0.9522727272727273,0.04772727272727273,0.0
11528,0.8227272727272728,0.17727272727272728,0.0
15904,0.8795454545454545,0.12045454545454545,0.0
16390,0.7068181818181818,0.2863636363636364,0.006818181818181818
14036,0.9954545454545455,0.004545454545454545,0.0
17215,1.0,0.0,0.0
14404,0.9454545454545454,0.05454545454545454,0.0
12101,0.0659090909090909,0.32954545454545453,0.6045454545454545
10812,0.10227272727272728,0.8454545454545455,0.05227272727272727
4374,1.0,0.0,0.0
9719,0.14545454545454545,0.8522727272727273,0.0022727272727272726
8520,0.17954545454545454,0.6022727272727273,0.21818181818181817
15621,0.8045454545454546,0.09090909090909091,0.10454545454545454
7173,0.6090909090909091,0.2681818181818182,0.12272727272727273
7544,0.6477272727272727,0.25681818181818183,0.09545454545454546
7253,0.3659090909090909,0.5204545454545455,0.11363636363636363
16731,0.5318181818181819,0.4590909090909091,0.00909090909090909
17278,0.4068181818181818,0.5931818181818181,0.0
16327,0.8863636363636364,0.11363636363636363,0.0
15845,0.9363636363636364,0.05909090909090909,0.004545454545454545
6750,0.06818181818181818,0.05,0.8818181818181818
7674,0.9431818181818182,0.05,0.006818181818181818
17416,0.32954545454545453,0.6090909090909091,0.06136363636363636
9050,0.43863636363636366,0.43636363636363634,0.125
8931,0.125,0.6022727272727273,0.2727272727272727
13146,0.1,0.31136363636363634,0.5886363636363636
11584,0.8522727272727273,0.14772727272727273,0.0
8322,0.8340909090909091,0.16590909090909092,0.0
16067,0.6977272727272728,0.2840909090909091,0.01818181818181818
11438,0.9045454545454545,0.09545454545454546,0.0
677,0.5636363636363636,0.43636363636363634,0.0
7475,0.5795454545454546,0.4159090909090909,0.004545454545454545
13400,0.8318181818181818,0.15454545454545454,0.013636363636363636
10255,0.8272727272727273,0.17272727272727273,0.0
17987,0.8954545454545455,0.10454545454545454,0.0
13651,0.05227272727272727,0.2409090909090909,0.7068181818181818
8226,0.9454545454545454,0.05454545454545454,0.0
7643,0.7795454545454545,0.21363636363636362,0.006818181818181818
10318,0.02727272727272727,0.04772727272727273,0.925
12382,0.9295454545454546,0.0659090909090909,0.004545454545454545
2912,0.11136363636363636,0.20909090909090908,0.6795454545454546
2254,0.045454545454545456,0.4340909090909091,0.5204545454545455
13110,0.9818181818181818,0.01818181818181818,0.0
8355,0.11363636363636363,0.8477272727272728,0.038636363636363635
10753,0.6931818181818182,0.3,0.006818181818181818
17974,0.9204545454545454,0.04318181818181818,0.03636363636363636
7588,0.9590909090909091,0.031818181818181815,0.00909090909090909
3209,0.9636363636363636,0.02727272727272727,0.00909090909090909
16325,0.675,0.325,0.0
12009,0.7931818181818182,0.20454545454545456,0.0022727272727272726
7141,0.3568181818181818,0.6318181818181818,0.011363636363636364
7584,0.2772727272727273,0.4636363636363636,0.2590909090909091
171,0.4022727272727273,0.5977272727272728,0.0
14412,0.9568181818181818,0.038636363636363635,0.004545454545454545
16111,0.5795454545454546,0.42045454545454547,0.0
17959,0.9181818181818182,0.08181818181818182,0.0
401,0.7954545454545454,0.18863636363636363,0.015909090909090907
16571,0.45454545454545453,0.49318181818181817,0.05227272727272727
3294,0.22272727272727272,0.7772727272727272,0.0
16220,0.16363636363636364,0.2636363636363636,0.5727272727272728
2404,0.9681818181818181,0.031818181818181815,0.0
11002,0.8227272727272728,0.17727272727272728,0.0
372,0.634090909090909,0.3090909090909091,0.056818181818181816
15477,0.990909090909091,0.006818181818181818,0.0022727272727272726
41,0.8181818181818182,0.18181818181818182,0.0
8671,0.9954545454545455,0.004545454545454545,0.0
8129,0.5022727272727273,0.25227272727272726,0.24545454545454545
14683,0.8795454545454545,0.12045454545454545,0.0
9873,0.9681818181818181,0.029545454545454545,0.0022727272727272726
13577,0.9886363636363636,0.011363636363636364,0.0
16132,0.9977272727272727,0.0022727272727272726,0.0
10100,0.9318181818181818,0.06818181818181818,0.0
5629,0.7840909090909091,0.05,0.16590909090909092
16618,0.22727272727272727,0.7704545454545455,0.0022727272727272726
16876,0.15681818181818183,0.6545454545454545,0.18863636363636363
16036,1.0,0.0,0.0
9322,0.2909090909090909,0.18181818181818182,0.5272727272727272
8549,1.0,0.0,0.0
18132,0.990909090909091,0.00909090909090909,0.0
13487,0.7022727272727273,0.29772727272727273,0.0
6904,0.7909090909090909,0.19318181818181818,0.015909090909090907
2799,0.5636363636363636,0.42045454545454547,0.015909090909090907
9694,0.20681818181818182,0.5590909090909091,0.2340909090909091
4417,0.6068181818181818,0.3886363636363636,0.004545454545454545
1494,0.9522727272727273,0.020454545454545454,0.02727272727272727
13929,0.22045454545454546,0.65,0.12954545454545455
6530,0.6181818181818182,0.38181818181818183,0.0
2483,0.8272727272727273,0.1431818181818182,0.029545454545454545
3301,0.7545454545454545,0.24545454545454545,0.0
11323,0.975,0.025,0.0
1237,0.9159090909090909,0.07727272727272727,0.006818181818181818
1747,0.8568181818181818,0.1318181818181818,0.011363636363636364
2655,0.8454545454545455,0.15,0.004545454545454545
16310,0.30227272727272725,0.5795454545454546,0.11818181818181818
4173,0.6681818181818182,0.32727272727272727,0.004545454545454545
17613,0.6954545454545454,0.29772727272727273,0.006818181818181818
18062,0.990909090909091,0.00909090909090909,0.0
4109,0.23636363636363636,0.7636363636363637,0.0
15881,1.0,0.0,0.0
17020,0.9386363636363636,0.06136363636363636,0.0
7642,0.3840909090909091,0.4068181818181818,0.20909090909090908
9464,0.8522727272727273,0.14545454545454545,0.0022727272727272726
22,0.9454545454545454,0.05454545454545454,0.0
16394,0.5931818181818181,0.4068181818181818,0.0
12854,0.6113636363636363,0.20454545454545456,0.18409090909090908
5073,0.6863636363636364,0.3090909090909091,0.004545454545454545
2069,0.9681818181818181,0.02727272727272727,0.004545454545454545
8545,0.9681818181818181,0.031818181818181815,0.0
10775,0.7659090909090909,0.22727272727272727,0.006818181818181818
9744,0.9090909090909091,0.09090909090909091,0.0
17138,0.8454545454545455,0.09772727272727273,0.056818181818181816
16619,0.9795454545454545,0.020454545454545454,0.0
195,0.7863636363636364,0.21136363636363636,0.0022727272727272726
10258,0.2431818181818182,0.7568181818181818,0.0
4347,0.43636363636363634,0.5613636363636364,0.0022727272727272726
17587,0.7340909090909091,0.24772727272727274,0.01818181818181818
3019,0.5818181818181818,0.23636363636363636,0.18181818181818182
18552,0.9977272727272727,0.0022727272727272726,0.0
13223,0.6522727272727272,0.3477272727272727,0.0
7856,0.9181818181818182,0.08181818181818182,0.0
9830,0.8113636363636364,0.18863636363636363,0.0
10965,0.7431818181818182,0.25681818181818183,0.0
4677,0.07045454545454545,0.225,0.7045454545454546
12176,0.10227272727272728,0.5840909090909091,0.31363636363636366
15210,0.75,0.23863636363636365,0.011363636363636364
3764,0.6181818181818182,0.37727272727272726,0.004545454545454545
16846,0.3409090909090909,0.65,0.00909090909090909
771,0.2909090909090909,0.275,0.4340909090909091
13019,0.03409090909090909,0.10454545454545454,0.8613636363636363
252,0.4,0.5863636363636363,0.013636363636363636
11064,0.2,0.8,0.0
18221,0.8363636363636363,0.16363636363636364,0.0
11502,0.9795454545454545,0.020454545454545454,0.0
14392,0.65,0.35,0.0
9541,0.43863636363636366,0.3704545454545455,0.19090909090909092
3206,0.5704545454545454,0.42045454545454547,0.00909090909090909
1994,0.8545454545454545,0.056818181818181816,0.08863636363636364
17294,0.4636363636363636,0.5181818181818182,0.01818181818181818
344,0.9954545454545455,0.004545454545454545,0.0
15404,0.9659090909090909,0.03409090909090909,0.0
521,0.7340909090909091,0.26590909090909093,0.0
876,0.9977272727272727,0.0022727272727272726,0.0
7671,0.2590909090909091,0.740909090909091,0.0
3351,0.9931818181818182,0.006818181818181818,0.0
11771,1.0,0.0,0.0
1511,0.022727272727272728,0.09090909090909091,0.8863636363636364
9265,0.55,0.4431818181818182,0.006818181818181818
7982,0.9681818181818181,0.031818181818181815,0.0
14175,0.6954545454545454,0.2909090909090909,0.013636363636363636
10039,0.884090909090909,0.11136363636363636,0.004545454545454545
14091,0.8068181818181818,0.17954545454545454,0.013636363636363636
16518,0.9931818181818182,0.006818181818181818,0.0
10022,0.9840909090909091,0.011363636363636364,0.004545454545454545
11564,0.8954545454545455,0.07727272727272727,0.02727272727272727
7125,0.8977272727272727,0.09318181818181819,0.00909090909090909
13985,0.65,0.35,0.0
16442,0.8295454545454546,0.17045454545454544,0.0
8894,0.9886363636363636,0.011363636363636364,0.0
12070,0.725,0.05227272727272727,0.22272727272727272
5222,0.37272727272727274,0.6272727272727273,0.0
5035,0.11363636363636363,0.8204545454545454,0.0659090909090909
11720,0.9681818181818181,0.031818181818181815,0.0
2902,0.5659090909090909,0.4,0.03409090909090909
16663,0.9431818181818182,0.05,0.006818181818181818
5322,0.4818181818181818,0.4159090909090909,0.10227272727272728
18013,0.15454545454545454,0.5,0.34545454545454546
7204,0.9295454545454546,0.07045454545454545,0.0
5241,0.509090909090909,0.16363636363636364,0.32727272727272727
10289,0.9636363636363636,0.031818181818181815,0.004545454545454545
2841,0.42045454545454547,0.5,0.07954545454545454
799,0.6613636363636364,0.3386363636363636,0.0
1913,0.19545454545454546,0.36818181818181817,0.43636363636363634
4910,0.8159090909090909,0.18181818181818182,0.0022727272727272726
451,0.20909090909090908,0.7795454545454545,0.011363636363636364
10840,0.2727272727272727,0.6909090909090909,0.03636363636363636
15308,0.06363636363636363,0.41363636363636364,0.5227272727272727
10669,0.12045454545454545,0.2727272727272727,0.6068181818181818
9628,0.6477272727272727,0.3522727272727273,0.0
1010,0.7568181818181818,0.225,0.01818181818181818
11501,0.5568181818181818,0.3181818181818182,0.125
12727,0.7295454545454545,0.27045454545454545,0.0
13407,0.9977272727272727,0.0022727272727272726,0.0
11481,0.6068181818181818,0.39090909090909093,0.0022727272727272726
7183,0.06363636363636363,0.5022727272727273,0.4340909090909091
1066,0.975,0.025,0.0
4010,0.9545454545454546,0.045454545454545456,0.0
13436,0.9659090909090909,0.031818181818181815,0.0022727272727272726
13848,0.9977272727272727,0.0022727272727272726,0.0
15025,0.3613636363636364,0.634090909090909,0.004545454545454545
3313,0.13636363636363635,0.8568181818181818,0.006818181818181818
13580,0.9840909090909091,0.015909090909090907,0.0
14183,0.9590909090909091,0.038636363636363635,0.0022727272727272726
11433,0.825,0.175,0.0
9442,0.7931818181818182,0.19318181818181818,0.013636363636363636
15,0.9454545454545454,0.05454545454545454,0.0
10817,1.0,0.0,0.0
330,0.2772727272727273,0.7227272727272728,0.0
17999,0.9954545454545455,0.004545454545454545,0.0
6883,0.6022727272727273,0.3659090909090909,0.031818181818181815
7946,0.2318181818181818,0.7636363636363637,0.004545454545454545
2122,0.7840909090909091,0.21136363636363636,0.004545454545454545
16053,0.9977272727272727,0.0022727272727272726,0.0
889,1.0,0.0,0.0
3521,0.7636363636363637,0.23636363636363636,0.0
18229,0.7568181818181818,0.05227272727272727,0.19090909090909092
11922,0.9704545454545455,0.029545454545454545,0.0
2870,0.990909090909091,0.006818181818181818,0.0022727272727272726
4093,0.32727272727272727,0.47954545454545455,0.19318181818181818
283,0.6818181818181818,0.15454545454545454,0.16363636363636364
10344,0.6840909090909091,0.30454545454545456,0.011363636363636364
531,0.9977272727272727,0.0022727272727272726,0.0
2710,0.45,0.55,0.0
8826,0.6977272727272728,0.2545454545454545,0.04772727272727273
10484,0.9636363636363636,0.03636363636363636,0.0
12881,0.05454545454545454,0.13863636363636364,0.8068181818181818
5013,0.29318181818181815,0.6931818181818182,0.013636363636363636
1189,0.5727272727272728,0.4,0.02727272727272727
7899,0.65,0.35,0.0
12413,0.9636363636363636,0.03636363636363636,0.0
11046,0.19772727272727272,0.7545454545454545,0.04772727272727273
5834,0.9204545454545454,0.06136363636363636,0.01818181818181818
14782,0.7795454545454545,0.21818181818181817,0.0022727272727272726
9994,0.7954545454545454,0.2,0.004545454545454545
147,0.8909090909090909,0.04090909090909091,0.06818181818181818
2152,0.9954545454545455,0.004545454545454545,0.0
3478,0.31136363636363634,0.325,0.36363636363636365
8873,0.7,0.16590909090909092,0.1340909090909091
5577,0.10454545454545454,0.42954545454545456,0.4659090909090909
12729,0.48409090909090907,0.39545454545454545,0.12045454545454545
11488,0.2545454545454545,0.7431818181818182,0.0022727272727272726
17901,0.47954545454545455,0.5204545454545455,0.0
650,0.5727272727272728,0.4090909090909091,0.01818181818181818
3127,0.9318181818181818,0.06818181818181818,0.0
3761,0.18181818181818182,0.7204545454545455,0.09772727272727273
16587,0.3431818181818182,0.029545454545454545,0.6272727272727273
11773,0.32954545454545453,0.4113636363636364,0.2590909090909091
11000,0.9704545454545455,0.029545454545454545,0.0
10785,0.9068181818181819,0.09318181818181819,0.0
2280,0.32272727272727275,0.20454545454545456,0.4727272727272727
13306,0.85,0.14545454545454545,0.004545454545454545
14185,0.9818181818181818,0.01818181818181818,0.0
18326,0.32272727272727275,0.39545454545454545,0.2818181818181818
2544,0.9295454545454546,0.07045454545454545,0.0
6979,0.7340909090909091,0.26590909090909093,0.0
50,0.3522727272727273,0.4,0.24772727272727274
11525,0.37272727272727274,0.5136363636363637,0.11363636363636363
13479,0.8318181818181818,0.031818181818181815,0.13636363636363635
8865,0.6636363636363637,0.15681818181818183,0.17954545454545454
14822,0.6318181818181818,0.325,0.04318181818181818
9763,0.9545454545454546,0.045454545454545456,0.0
2129,0.47045454545454546,0.5295454545454545,0.0
13332,0.8954545454545455,0.07727272727272727,0.02727272727272727
7082,1.0,0.0,0.0
7783,0.6,0.3931818181818182,0.006818181818181818
7202,0.9954545454545455,0.004545454545454545,0.0
18223,0.6704545454545454,0.32272727272727275,0.006818181818181818
6631,0.6454545454545455,0.225,0.12954545454545455
14666,0.990909090909091,0.00909090909090909,0.0
4432,0.9863636363636363,0.006818181818181818,0.006818181818181818
6566,0.9340909090909091,0.06363636363636363,0.0022727272727272726
11828,0.25,0.26590909090909093,0.48409090909090907
3485,0.5159090909090909,0.36818181818181817,0.1159090909090909
17499,0.9590909090909091,0.04090909090909091,0.0
5855,0.16818181818181818,0.7272727272727273,0.10454545454545454
15165,1.0,0.0,0.0
4574,0.6727272727272727,0.3068181818181818,0.020454545454545454
9316,0.3659090909090909,0.48409090909090907,0.15
17011,0.9886363636363636,0.00909090909090909,0.0022727272727272726
12002,0.6477272727272727,0.32272727272727275,0.029545454545454545
17674,0.9727272727272728,0.02727272727272727,0.0
232,0.9840909090909091,0.015909090909090907,0.0
5584,0.23636363636363636,0.7636363636363637,0.0
18310,0.7931818181818182,0.20681818181818182,0.0
5677,0.04090909090909091,0.14772727272727273,0.8113636363636364
18145,1.0,0.0,0.0
3086,0.36818181818181817,0.6318181818181818,0.0
15184,0.7318181818181818,0.17727272727272728,0.09090909090909091
16348,0.9340909090909091,0.0659090909090909,0.0
17675,0.9840909090909091,0.015909090909090907,0.0
3074,0.7818181818181819,0.21818181818181817,0.0
3355,0.9181818181818182,0.05,0.031818181818181815
9764,0.5636363636363636,0.42954545454545456,0.006818181818181818
4951,0.4159090909090909,0.35909090909090907,0.225
11942,0.9545454545454546,0.04090909090909091,0.004545454545454545
3983,0.875,0.12045454545454545,0.004545454545454545
3344,0.23636363636363636,0.6795454545454546,0.08409090909090909
8511,0.03636363636363636,0.22727272727272727,0.7363636363636363
14693,0.6704545454545454,0.32954545454545453,0.0
16480,0.9590909090909091,0.03409090909090909,0.006818181818181818
13782,0.9477272727272728,0.05227272727272727,0.0
4869,0.8886363636363637,0.11136363636363636,0.0
1459,0.8431818181818181,0.15454545454545454,0.0022727272727272726
10674,0.36818181818181817,0.23863636363636365,0.3931818181818182
16104,1.0,0.0,0.0
16927,0.9068181818181819,0.09318181818181819,0.0
11812,0.6886363636363636,0.06136363636363636,0.25
12488,0.7022727272727273,0.25227272727272726,0.045454545454545456
6612,0.9022727272727272,0.09772727272727273,0.0
10000,0.6909090909090909,0.3068181818181818,0.0022727272727272726
10605,0.9818181818181818,0.01818181818181818,0.0
18523,0.5704545454545454,0.42954545454545456,0.0
11708,0.8772727272727273,0.1,0.022727272727272728
12948,0.9477272727272728,0.05227272727272727,0.0
7825,0.9431818181818182,0.056818181818181816,0.0
14772,0.8409090909090909,0.1590909090909091,0.0
15734,0.5454545454545454,0.45454545454545453,0.0
17023,0.3386363636363636,0.19090909090909092,0.47045454545454546
15114,0.8159090909090909,0.18409090909090908,0.0
4467,0.7613636363636364,0.16818181818181818,0.07045454545454545
16520,0.45227272727272727,0.5227272727272727,0.025
17367,0.8363636363636363,0.16363636363636364,0.0
4580,0.8204545454545454,0.12727272727272726,0.05227272727272727
6154,0.9477272727272728,0.05227272727272727,0.0
1088,0.7931818181818182,0.05909090909090909,0.14772727272727273
15595,0.9113636363636364,0.06363636363636363,0.025
10063,0.7045454545454546,0.29545454545454547,0.0
7395,1.0,0.0,0.0
2509,0.7022727272727273,0.29772727272727273,0.0
15619,0.9840909090909091,0.015909090909090907,0.0
10987,0.07272727272727272,0.7909090909090909,0.13636363636363635
4564,0.740909090909091,0.25,0.00909090909090909
17483,0.9,0.1,0.0
16410,0.011363636363636364,0.10681818181818181,0.8818181818181818
14723,0.8863636363636364,0.11136363636363636,0.0022727272727272726
1036,0.40454545454545454,0.5886363636363636,0.006818181818181818
4405,0.9772727272727273,0.020454545454545454,0.0022727272727272726
7491,0.4409090909090909,0.5522727272727272,0.006818181818181818
14451,0.36363636363636365,0.6295454545454545,0.006818181818181818
18335,0.03636363636363636,0.27954545454545454,0.6840909090909091
15069,0.022727272727272728,0.125,0.8522727272727273
2328,0.19545454545454546,0.8045454545454546,0.0
17635,0.9704545454545455,0.0022727272727272726,0.02727272727272727
16784,0.9818181818181818,0.01818181818181818,0.0
230,0.509090909090909,0.4909090909090909,0.0
8896,0.25681818181818183,0.7227272727272728,0.020454545454545454
14835,0.865909090909091,0.11136363636363636,0.022727272727272728
9983,0.775,0.225,0.0
12133,0.975,0.020454545454545454,0.004545454545454545
10893,0.6613636363636364,0.3386363636363636,0.0
10904,0.9704545454545455,0.029545454545454545,0.0
3087,0.5,0.45454545454545453,0.045454545454545456
1254,0.9545454545454546,0.045454545454545456,0.0
3402,0.26590909090909093,0.5181818181818182,0.2159090909090909
16362,0.5022727272727273,0.1159090909090909,0.38181818181818183
14681,0.9136363636363637,0.08636363636363636,0.0
16420,0.8886363636363637,0.10909090909090909,0.0022727272727272726
1559,0.9886363636363636,0.011363636363636364,0.0
8700,0.9954545454545455,0.004545454545454545,0.0
15452,0.8613636363636363,0.13863636363636364,0.0
13565,0.9818181818181818,0.01818181818181818,0.0
628,0.9386363636363636,0.00909090909090909,0.05227272727272727
5344,0.029545454545454545,0.2909090909090909,0.6795454545454546
15163,0.5045454545454545,0.4909090909090909,0.004545454545454545
10766,0.990909090909091,0.00909090909090909,0.0
16380,0.8022727272727272,0.15,0.04772727272727273
7770,0.9977272727272727,0.0,0.0022727272727272726
5412,0.6909090909090909,0.3090909090909091,0.0
12885,0.9613636363636363,0.03636363636363636,0.0022727272727272726
11332,0.9886363636363636,0.011363636363636364,0.0
17718,0.41363636363636364,0.5636363636363636,0.022727272727272728
2780,0.990909090909091,0.00909090909090909,0.0
7411,0.9590909090909091,0.04090909090909091,0.0
4038,0.9090909090909091,0.09090909090909091,0.0
219,0.5977272727272728,0.2772727272727273,0.125
382,0.9204545454545454,0.07954545454545454,0.0
5134,0.2636363636363636,0.6863636363636364,0.05
8782,0.9340909090909091,0.025,0.04090909090909091
13297,0.8590909090909091,0.13863636363636364,0.0022727272727272726
5655,0.12727272727272726,0.33181818181818185,0.5409090909090909
12,0.5568181818181818,0.43636363636363634,0.006818181818181818
18437,0.9977272727272727,0.0022727272727272726,0.0
15061,0.29772727272727273,0.7022727272727273,0.0
17179,0.9181818181818182,0.031818181818181815,0.05
15394,0.7727272727272727,0.18409090909090908,0.04318181818181818
13302,0.9295454545454546,0.06136363636363636,0.00909090909090909
16908,0.9840909090909091,0.015909090909090907,0.0
11829,0.9977272727272727,0.0022727272727272726,0.0
18236,0.8318181818181818,0.15227272727272728,0.015909090909090907
14617,0.7340909090909091,0.2636363636363636,0.0022727272727272726
1837,0.9181818181818182,0.07954545454545454,0.0022727272727272726
13734,0.5068181818181818,0.32045454545454544,0.17272727272727273
14894,0.7977272727272727,0.17727272727272728,0.025
12703,0.990909090909091,0.00909090909090909,0.0
17190,0.3340909090909091,0.6204545454545455,0.045454545454545456
14704,0.8818181818181818,0.04772727272727273,0.07045454545454545
11412,0.9954545454545455,0.004545454545454545,0.0
8880,0.05227272727272727,0.6704545454545454,0.2772727272727273
10855,0.06818181818181818,0.28863636363636364,0.6431818181818182
2636,0.06363636363636363,0.3409090909090909,0.5954545454545455
15890,0.7363636363636363,0.2545454545454545,0.00909090909090909
11288,0.9090909090909091,0.09090909090909091,0.0
2037,0.7204545454545455,0.2772727272727273,0.0022727272727272726
13921,0.9704545454545455,0.029545454545454545,0.0
5640,0.6454545454545455,0.32272727272727275,0.031818181818181815
11354,0.8227272727272728,0.16590909090909092,0.011363636363636364
17161,0.8090909090909091,0.18409090909090908,0.006818181818181818
14317,0.9659090909090909,0.03409090909090909,0.0
13513,0.5840909090909091,0.14545454545454545,0.27045454545454545
18208,0.8227272727272728,0.12045454545454545,0.056818181818181816
2020,0.8818181818181818,0.1159090909090909,0.0022727272727272726
4801,0.3795454545454545,0.6113636363636363,0.00909090909090909
12728,0.9977272727272727,0.0022727272727272726,0.0
9614,0.10681818181818181,0.884090909090909,0.00909090909090909
1259,0.13863636363636364,0.2636363636363636,0.5977272727272728
