id,predict_0,predict_1,predict_2
11066,0.52073,0.240289,0.238981
18000,0.351068,0.262318,0.386614
16964,0.52073,0.240289,0.238981
4795,0.51566,0.242759,0.241581
3392,0.316192,0.409674,0.274134
3795,0.421416,0.308399,0.270184
2881,0.507424,0.251456,0.24112
1903,0.397922,0.287457,0.314621
5245,0.389316,0.356925,0.253759
6726,0.492193,0.266805,0.241002
1311,0.471027,0.280855,0.248118
15795,0.351067,0.415266,0.233667
4315,0.47768,0.292874,0.229445
3393,0.32842,0.335653,0.335927
6764,0.497342,0.260609,0.242049
13039,0.480124,0.276386,0.24349
12331,0.301198,0.394526,0.304276
14276,0.288327,0.31871,0.392963
14638,0.455991,0.307074,0.236935
6573,0.519929,0.23992,0.240152
2222,0.360741,0.244764,0.394495
8824,0.480014,0.283971,0.236014
6360,0.487748,0.277971,0.234281
7553,0.280604,0.306389,0.413007
13760,0.513293,0.242658,0.244049
4284,0.329976,0.351776,0.318248
1356,0.493536,0.269403,0.237061
3410,0.497677,0.267085,0.235237
4830,0.352271,0.411563,0.236166
8998,0.40268,0.33485,0.26247
18052,0.478676,0.290518,0.230806
7539,0.52073,0.240289,0.238981
9529,0.45764,0.271997,0.270363
3656,0.410587,0.345211,0.244202
14238,0.399544,0.335927,0.264529
2682,0.374588,0.355383,0.270029
7312,0.405086,0.332197,0.262716
12971,0.416824,0.299496,0.283679
10735,0.497945,0.263711,0.238344
4050,0.376145,0.34485,0.279005
5943,0.51566,0.242759,0.241581
6482,0.402322,0.351753,0.245925
9746,0.267927,0.264016,0.468057
13320,0.355801,0.241413,0.402786
803,0.335938,0.388932,0.27513
15437,0.493238,0.269241,0.237521
12302,0.520646,0.240251,0.239103
12271,0.520153,0.240023,0.239823
5341,0.411396,0.279134,0.30947
4427,0.519929,0.23992,0.240152
529,0.425187,0.284777,0.290036
2022,0.488066,0.278153,0.233781
14625,0.483412,0.274501,0.242087
2922,0.349992,0.364371,0.285636
16330,0.316716,0.366677,0.316607
12890,0.478428,0.271037,0.250535
2140,0.414368,0.325586,0.260046
13484,0.421696,0.324762,0.253542
12392,0.454281,0.310099,0.235621
2322,0.471067,0.282381,0.246553
567,0.501133,0.262595,0.236272
4436,0.445446,0.30231,0.252243
12156,0.520646,0.240251,0.239103
7508,0.395972,0.347222,0.256806
6184,0.479757,0.251394,0.268848
12213,0.486984,0.235854,0.277162
6458,0.295144,0.341702,0.363155
13967,0.479171,0.272093,0.248736
894,0.316192,0.409674,0.274134
7461,0.284421,0.32794,0.387639
8949,0.468455,0.277691,0.253854
3477,0.381207,0.371564,0.247229
2779,0.52073,0.240289,0.238981
13551,0.322232,0.392284,0.285484
8297,0.381207,0.371564,0.247229
5050,0.410587,0.345211,0.244202
10716,0.344732,0.388454,0.266814
16075,0.370897,0.330494,0.298609
1366,0.35762,0.410448,0.231932
774,0.520153,0.240023,0.239823
7406,0.389691,0.35727,0.253039
2526,0.424923,0.280636,0.29444
9649,0.395972,0.347222,0.256806
16115,0.335938,0.388932,0.27513
14749,0.304384,0.337057,0.358559
14952,0.410274,0.314674,0.275052
4786,0.48564,0.27075,0.24361
16513,0.438427,0.300008,0.261565
2002,0.52073,0.240289,0.238981
4701,0.348425,0.405977,0.245598
7742,0.399544,0.335927,0.264529
5905,0.487748,0.277971,0.234281
685,0.348822,0.339053,0.312125
11857,0.480124,0.276386,0.24349
11628,0.284421,0.32794,0.387639
15024,0.41303,0.329628,0.257341
4168,0.508403,0.246227,0.24537
11914,0.511744,0.24728,0.240975
5293,0.506807,0.259007,0.234186
3374,0.41345,0.372107,0.214443
13055,0.520468,0.240168,0.239364
17759,0.390965,0.358437,0.250598
590,0.474335,0.279131,0.246534
1353,0.472811,0.280274,0.246915
11938,0.281733,0.287937,0.43033
1018,0.280911,0.331098,0.387991
14945,0.479999,0.276315,0.243687
1001,0.462886,0.297732,0.239382
3587,0.396666,0.333507,0.269827
868,0.52073,0.240289,0.238981
9296,0.267927,0.264016,0.468057
12455,0.520153,0.240023,0.239823
17132,0.392548,0.355776,0.251676
10240,0.494382,0.239437,0.266181
3696,0.370958,0.29417,0.334872
10355,0.387251,0.358763,0.253985
2206,0.387996,0.35415,0.257854
14590,0.52073,0.240289,0.238981
13191,0.41671,0.342927,0.240364
5882,0.471352,0.281049,0.247598
12653,0.351067,0.415266,0.233667
1491,0.410587,0.345211,0.244202
1176,0.444947,0.293464,0.261589
11246,0.351068,0.262318,0.386614
14557,0.31995,0.370421,0.309629
4772,0.335914,0.343312,0.320774
17192,0.480124,0.276386,0.24349
10637,0.44491,0.292595,0.262495
3281,0.381207,0.371564,0.247229
3191,0.415079,0.310147,0.274774
672,0.496074,0.263201,0.240725
6301,0.438248,0.298258,0.263494
10309,0.480777,0.272367,0.246856
1734,0.341488,0.412011,0.2465
2990,0.39238,0.321689,0.28593
5746,0.307615,0.446214,0.246172
15289,0.438248,0.298258,0.263494
2971,0.52073,0.240289,0.238981
9771,0.353792,0.332467,0.313741
11253,0.511172,0.247004,0.241823
14576,0.340747,0.380185,0.279068
4688,0.49577,0.266062,0.238168
14469,0.511107,0.246972,0.241921
9298,0.415079,0.310147,0.274774
16099,0.346703,0.422869,0.230428
17316,0.332121,0.363242,0.304637
15212,0.520468,0.240168,0.239364
10691,0.486984,0.235854,0.277162
3805,0.52073,0.240289,0.238981
6418,0.401284,0.320655,0.27806
1158,0.331951,0.411127,0.256922
7768,0.493536,0.269403,0.237061
4834,0.267042,0.339911,0.393047
10914,0.392604,0.338483,0.268912
14606,0.424023,0.300645,0.275332
3220,0.39498,0.343035,0.261985
10433,0.410083,0.344788,0.245129
11251,0.371092,0.325405,0.303503
8084,0.497945,0.263711,0.238344
522,0.451395,0.286512,0.262093
17299,0.447082,0.300038,0.25288
15587,0.438348,0.253864,0.307787
1563,0.290263,0.319602,0.390135
8252,0.390965,0.358437,0.250598
17802,0.330716,0.285094,0.38419
2738,0.410587,0.345211,0.244202
9896,0.462572,0.271562,0.265866
14609,0.520468,0.240168,0.239364
10463,0.52073,0.240289,0.238981
1280,0.317437,0.376408,0.306154
977,0.335474,0.388394,0.276132
979,0.316192,0.409674,0.274134
10908,0.52073,0.240289,0.238981
12569,0.506086,0.244546,0.249368
6078,0.506256,0.246711,0.247034
18339,0.520468,0.240168,0.239364
13799,0.409722,0.344484,0.245793
7193,0.299043,0.305628,0.395328
8243,0.389811,0.357379,0.25281
13622,0.520468,0.240168,0.239364
5885,0.482949,0.274238,0.242813
5768,0.486984,0.235854,0.277162
632,0.395972,0.347222,0.256806
3314,0.520646,0.240251,0.239103
3664,0.391366,0.354815,0.253818
18518,0.401157,0.350734,0.248109
7687,0.520468,0.240168,0.239364
17889,0.340388,0.351965,0.307647
12943,0.464611,0.266525,0.268864
3581,0.389257,0.368214,0.242529
13802,0.473471,0.276465,0.250064
17702,0.380619,0.360042,0.259339
12342,0.520468,0.240168,0.239364
11185,0.519929,0.23992,0.240152
15675,0.468556,0.282166,0.249278
6716,0.428213,0.316018,0.25577
17790,0.35907,0.415588,0.225342
17791,0.361402,0.376485,0.262114
6145,0.520153,0.240023,0.239823
18237,0.399292,0.345314,0.255394
10523,0.441311,0.327951,0.230738
4356,0.389316,0.356925,0.253759
7482,0.400049,0.348891,0.251059
5856,0.456183,0.271132,0.272686
5011,0.367068,0.274273,0.358658
15872,0.52073,0.240289,0.238981
6609,0.392323,0.353239,0.254439
995,0.500426,0.236575,0.263
4680,0.520468,0.240168,0.239364
18327,0.413577,0.307821,0.278602
8484,0.385752,0.355449,0.258799
16968,0.35762,0.410448,0.231932
8305,0.520646,0.240251,0.239103
7012,0.498514,0.250848,0.250639
13465,0.301658,0.292257,0.406085
8375,0.479999,0.276315,0.243687
15629,0.381207,0.371564,0.247229
12296,0.507424,0.251456,0.24112
458,0.420999,0.262548,0.316452
18124,0.271385,0.283945,0.444669
4430,0.278694,0.332687,0.38862
14443,0.352271,0.411563,0.236166
15275,0.416415,0.311145,0.27244
4470,0.310958,0.317806,0.371237
13831,0.519722,0.239824,0.240453
7696,0.415079,0.310147,0.274774
15172,0.32842,0.335653,0.335927
16647,0.48562,0.259198,0.255182
14209,0.358594,0.39071,0.250696
18121,0.479999,0.276315,0.243687
12144,0.328721,0.420061,0.251218
800,0.496074,0.263201,0.240725
13200,0.35903,0.38488,0.25609
5724,0.267927,0.264016,0.468057
15722,0.32842,0.335653,0.335927
6660,0.480124,0.276386,0.24349
8394,0.475633,0.278118,0.246249
5554,0.395461,0.339418,0.265121
10381,0.411761,0.346198,0.242041
15783,0.479999,0.276315,0.243687
10907,0.392688,0.355695,0.251618
11455,0.51566,0.242759,0.241581
5992,0.372046,0.286347,0.341608
16564,0.260952,0.283177,0.455871
7933,0.30602,0.398836,0.295143
16008,0.454281,0.310099,0.235621
7265,0.452893,0.288578,0.258529
11095,0.332902,0.42689,0.240208
2181,0.305503,0.382084,0.312413
8845,0.472279,0.282324,0.245396
13617,0.366787,0.353923,0.27929
17228,0.511172,0.247004,0.241823
16321,0.519024,0.241025,0.23995
14851,0.375811,0.233914,0.390275
9613,0.517979,0.23902,0.243001
3121,0.439288,0.307513,0.253199
4840,0.52073,0.240289,0.238981
18216,0.387966,0.323565,0.288469
17113,0.390965,0.358437,0.250598
4775,0.486984,0.235854,0.277162
14105,0.463309,0.260429,0.276261
4993,0.381207,0.371564,0.247229
8901,0.32842,0.335653,0.335927
15443,0.398472,0.346896,0.254632
435,0.51566,0.242759,0.241581
4595,0.34905,0.342466,0.308484
14503,0.417501,0.330999,0.251501
2191,0.391366,0.354815,0.253818
2163,0.390965,0.358437,0.250598
9987,0.520153,0.240023,0.239823
16234,0.404481,0.292195,0.303324
3834,0.352017,0.263027,0.384955
13133,0.43234,0.322566,0.245094
13909,0.323748,0.347925,0.328328
9952,0.383792,0.365746,0.250463
3666,0.309243,0.44203,0.248727
6072,0.473645,0.298848,0.227507
2936,0.257646,0.307561,0.434793
6497,0.335938,0.388932,0.27513
5645,0.52073,0.240289,0.238981
15476,0.457647,0.294971,0.247383
8472,0.52073,0.240289,0.238981
15687,0.472811,0.280274,0.246915
10682,0.479797,0.276198,0.244004
10772,0.371317,0.330162,0.298521
8156,0.285709,0.298932,0.415359
10436,0.32842,0.335653,0.335927
16827,0.520646,0.240251,0.239103
12299,0.340404,0.331927,0.327669
9258,0.291692,0.335921,0.372387
4759,0.422157,0.331887,0.245955
8989,0.429837,0.318221,0.251942
14823,0.520468,0.240168,0.239364
17270,0.390609,0.350305,0.259086
2005,0.402059,0.338041,0.2599
15757,0.474905,0.274275,0.250821
14476,0.474044,0.292409,0.233547
17243,0.300231,0.316481,0.383288
3908,0.394881,0.35576,0.249359
781,0.486984,0.235854,0.277162
5398,0.385536,0.278629,0.335835
2687,0.409722,0.344484,0.245793
5017,0.481282,0.28013,0.238588
140,0.411761,0.346198,0.242041
14897,0.496249,0.262278,0.241473
1487,0.405401,0.31845,0.276148
18371,0.520468,0.240168,0.239364
10170,0.508403,0.246227,0.24537
3464,0.388989,0.312856,0.298155
1535,0.481611,0.287056,0.231333
1442,0.37088,0.386012,0.243108
7249,0.395972,0.347222,0.256806
17510,0.384565,0.371691,0.243744
418,0.52073,0.240289,0.238981
16274,0.291513,0.310771,0.397716
12497,0.422715,0.331849,0.245436
17309,0.392548,0.355776,0.251676
3891,0.316192,0.409674,0.274134
8437,0.520646,0.240251,0.239103
9950,0.438248,0.298258,0.263494
5316,0.472236,0.300934,0.22683
12979,0.471228,0.280975,0.247797
14648,0.402322,0.351753,0.245925
8194,0.481772,0.286817,0.231411
10386,0.286856,0.277916,0.435228
12749,0.328485,0.309185,0.36233
16508,0.479999,0.276315,0.243687
16386,0.479826,0.276215,0.243959
12933,0.402322,0.351753,0.245925
2830,0.421696,0.324762,0.253542
11528,0.449728,0.320002,0.230271
15904,0.520153,0.240023,0.239823
16390,0.390965,0.358437,0.250598
14036,0.520468,0.240168,0.239364
17215,0.52073,0.240289,0.238981
14404,0.520153,0.240023,0.239823
12101,0.335745,0.325282,0.338973
10812,0.344102,0.399538,0.25636
4374,0.52073,0.240289,0.238981
9719,0.332873,0.423889,0.243238
8520,0.314522,0.40751,0.277968
15621,0.32842,0.335653,0.335927
7173,0.33512,0.326689,0.338191
7544,0.303352,0.390516,0.306132
7253,0.348795,0.341896,0.30931
16731,0.497797,0.263096,0.239108
17278,0.365434,0.381307,0.253259
16327,0.433745,0.319631,0.246624
15845,0.516049,0.238129,0.245821
6750,0.267927,0.264016,0.468057
7674,0.411761,0.346198,0.242041
17416,0.301028,0.452434,0.246538
9050,0.38634,0.309312,0.304348
8931,0.3109,0.37535,0.313749
13146,0.288327,0.31871,0.392963
11584,0.520153,0.240023,0.239823
8322,0.51566,0.242759,0.241581
16067,0.482667,0.26681,0.250522
11438,0.376039,0.380084,0.243878
677,0.347329,0.401663,0.251008
7475,0.348011,0.401244,0.250745
13400,0.38933,0.356902,0.253768
10255,0.51566,0.242759,0.241581
17987,0.479797,0.276198,0.244004
13651,0.301658,0.292257,0.406085
8226,0.518639,0.241085,0.240277
7643,0.390965,0.358437,0.250598
10318,0.337574,0.288022,0.374404
12382,0.372681,0.346971,0.280347
2912,0.278694,0.332687,0.38862
2254,0.322143,0.312105,0.365752
13110,0.336559,0.38965,0.273791
8355,0.316192,0.409674,0.274134
10753,0.430312,0.312424,0.257264
17974,0.460116,0.24147,0.298414
7588,0.41486,0.273064,0.312076
3209,0.46972,0.277378,0.252903
16325,0.434549,0.324716,0.240736
12009,0.410587,0.345211,0.244202
7141,0.395461,0.339418,0.265121
7584,0.311482,0.386339,0.302179
171,0.309243,0.44203,0.248727
14412,0.410083,0.344788,0.245129
16111,0.460081,0.304766,0.235153
17959,0.480124,0.276386,0.24349
401,0.473256,0.278496,0.248247
16571,0.389811,0.357379,0.25281
3294,0.381207,0.371564,0.247229
16220,0.284421,0.32794,0.387639
2404,0.519143,0.239557,0.241299
11002,0.427197,0.318398,0.254405
372,0.402059,0.338041,0.2599
15477,0.486984,0.235854,0.277162
41,0.472811,0.280274,0.246915
8671,0.520153,0.240023,0.239823
8129,0.323748,0.347925,0.328328
14683,0.480416,0.292915,0.22667
9873,0.47828,0.2635,0.25822
13577,0.515611,0.242736,0.241653
16132,0.517965,0.239014,0.243021
10100,0.411761,0.346198,0.242041
5629,0.466282,0.264728,0.26899
16618,0.352238,0.413887,0.233875
16876,0.309507,0.364705,0.325787
16036,0.507989,0.251737,0.240274
9322,0.406879,0.284154,0.308967
8549,0.520646,0.240251,0.239103
18132,0.471228,0.280975,0.247797
13487,0.405129,0.31742,0.277451
6904,0.316192,0.409674,0.274134
2799,0.4,0.340582,0.259418
9694,0.299043,0.305628,0.395328
4417,0.390965,0.358437,0.250598
1494,0.359676,0.320655,0.319669
13929,0.311201,0.388658,0.30014
6530,0.50212,0.263113,0.234768
2483,0.492014,0.268573,0.239413
3301,0.480124,0.276386,0.24349
11323,0.472485,0.280081,0.247434
1237,0.470673,0.282144,0.247182
1747,0.410587,0.345211,0.244202
2655,0.487748,0.277971,0.234281
16310,0.349553,0.323495,0.326952
4173,0.445446,0.30231,0.252243
17613,0.427844,0.335856,0.236299
18062,0.52073,0.240289,0.238981
4109,0.309243,0.44203,0.248727
15881,0.52073,0.240289,0.238981
17020,0.52073,0.240289,0.238981
7642,0.317401,0.36747,0.315129
9464,0.410587,0.345211,0.244202
22,0.471228,0.280975,0.247797
16394,0.387628,0.353969,0.258404
12854,0.32842,0.335653,0.335927
5073,0.416318,0.313681,0.270001
2069,0.500135,0.262073,0.237792
8545,0.520468,0.240168,0.239364
10775,0.354915,0.380669,0.264416
9744,0.480124,0.276386,0.24349
17138,0.51388,0.237412,0.248708
16619,0.518448,0.240757,0.240795
195,0.443548,0.305086,0.251366
10258,0.352271,0.411563,0.236166
4347,0.470884,0.298323,0.230793
17587,0.44579,0.275521,0.278689
3019,0.378164,0.357459,0.264377
18552,0.52073,0.240289,0.238981
13223,0.421696,0.324762,0.253542
7856,0.442451,0.304776,0.252773
9830,0.454281,0.310099,0.235621
10965,0.386638,0.348536,0.264826
4677,0.283926,0.302683,0.413391
12176,0.304678,0.311388,0.383934
15210,0.51262,0.247703,0.239677
3764,0.496155,0.269168,0.234677
16846,0.35762,0.410448,0.231932
771,0.305946,0.435678,0.258375
13019,0.304678,0.311388,0.383934
252,0.334006,0.423169,0.242825
11064,0.320268,0.434975,0.244758
18221,0.390965,0.358437,0.250598
11502,0.450682,0.289552,0.259766
14392,0.480124,0.276386,0.24349
9541,0.314865,0.327647,0.357488
3206,0.392323,0.353239,0.254439
1994,0.385536,0.278629,0.335835
17294,0.424023,0.300645,0.275332
344,0.520468,0.240168,0.239364
15404,0.42349,0.345215,0.231295
521,0.480078,0.27636,0.243563
876,0.52073,0.240289,0.238981
7671,0.389168,0.355219,0.255613
3351,0.520153,0.240023,0.239823
11771,0.520468,0.240168,0.239364
1511,0.408724,0.268115,0.323162
9265,0.436895,0.292126,0.270979
7982,0.480124,0.276386,0.24349
14175,0.420464,0.352419,0.227117
10039,0.481455,0.27499,0.243555
14091,0.503967,0.257618,0.238415
16518,0.515312,0.242595,0.242093
10022,0.494004,0.238708,0.267288
11564,0.481282,0.28013,0.238588
7125,0.479171,0.272093,0.248736
13985,0.351067,0.415266,0.233667
16442,0.443588,0.314075,0.242337
8894,0.473579,0.276917,0.249504
12070,0.470156,0.272836,0.257007
5222,0.430414,0.326367,0.243219
5035,0.316192,0.409674,0.274134
11720,0.519024,0.241025,0.23995
2902,0.393951,0.340668,0.265381
16663,0.389316,0.356925,0.253759
5322,0.373965,0.377988,0.248047
18013,0.288327,0.31871,0.392963
7204,0.51566,0.242759,0.241581
5241,0.397762,0.303025,0.299214
10289,0.473256,0.278496,0.248247
2841,0.400089,0.298946,0.300964
799,0.472765,0.280247,0.246988
1913,0.265156,0.316526,0.418319
4910,0.493536,0.269403,0.237061
451,0.321314,0.439303,0.239383
10840,0.393951,0.340668,0.265381
15308,0.321084,0.369245,0.309671
10669,0.338004,0.30276,0.359235
9628,0.483491,0.274546,0.241964
1010,0.425305,0.322735,0.25196
11501,0.250493,0.311908,0.4376
12727,0.448352,0.306693,0.244956
13407,0.520646,0.240251,0.239103
11481,0.405013,0.340103,0.254884
7183,0.306758,0.370349,0.322893
1066,0.51566,0.242759,0.241581
4010,0.52073,0.240289,0.238981
13436,0.47768,0.292874,0.229445
13848,0.520153,0.240023,0.239823
15025,0.352271,0.411563,0.236166
3313,0.343146,0.419696,0.237158
13580,0.479797,0.276198,0.244004
14183,0.449968,0.301656,0.248376
11433,0.475633,0.278118,0.246249
9442,0.399772,0.340644,0.259585
15,0.520153,0.240023,0.239823
10817,0.519638,0.239786,0.240576
330,0.309243,0.44203,0.248727
17999,0.482465,0.273963,0.243572
6883,0.410587,0.345211,0.244202
7946,0.3333,0.385878,0.280822
2122,0.430639,0.314096,0.255264
16053,0.513807,0.241887,0.244306
889,0.520468,0.240168,0.239364
3521,0.438248,0.298258,0.263494
18229,0.286292,0.282112,0.431596
11922,0.472811,0.280274,0.246915
2870,0.519024,0.241025,0.23995
4093,0.34816,0.341274,0.310565
283,0.399222,0.331546,0.269232
10344,0.414221,0.34048,0.245299
531,0.520468,0.240168,0.239364
2710,0.448056,0.294664,0.257279
8826,0.391604,0.34023,0.268166
10484,0.519722,0.239824,0.240453
12881,0.415356,0.22339,0.361255
5013,0.433403,0.299567,0.26703
1189,0.425531,0.301715,0.272754
7899,0.480078,0.27636,0.243563
12413,0.410083,0.344788,0.245129
11046,0.410083,0.344788,0.245129
5834,0.490636,0.257095,0.252269
14782,0.486224,0.273293,0.240484
9994,0.51262,0.247703,0.239677
147,0.471593,0.280955,0.247453
2152,0.52073,0.240289,0.238981
3478,0.440441,0.267199,0.29236
8873,0.411051,0.345601,0.243348
5577,0.340404,0.331927,0.327669
12729,0.402059,0.338041,0.2599
11488,0.358037,0.380567,0.261396
17901,0.331879,0.42669,0.241431
650,0.376258,0.3502,0.273542
3127,0.431688,0.315606,0.252705
3761,0.32113,0.409889,0.268981
16587,0.417663,0.203537,0.3788
11773,0.333142,0.35342,0.313437
11000,0.45836,0.299557,0.242083
10785,0.497797,0.263096,0.239108
2280,0.387184,0.232989,0.379827
13306,0.381207,0.371564,0.247229
14185,0.497998,0.250588,0.251414
18326,0.391711,0.345683,0.262606
2544,0.479826,0.276215,0.243959
6979,0.316983,0.441046,0.241971
50,0.311504,0.388063,0.300432
11525,0.416318,0.313681,0.270001
13479,0.442204,0.250951,0.306845
8865,0.405091,0.290314,0.304594
14822,0.352271,0.411563,0.236166
9763,0.479797,0.276198,0.244004
2129,0.309243,0.44203,0.248727
13332,0.510551,0.246704,0.242745
7082,0.520646,0.240251,0.239103
7783,0.383101,0.376587,0.240312
7202,0.479797,0.276198,0.244004
18223,0.390965,0.358437,0.250598
6631,0.383928,0.357443,0.258629
14666,0.482465,0.273963,0.243572
4432,0.448902,0.260541,0.290557
6566,0.410587,0.345211,0.244202
11828,0.27866,0.264752,0.456589
3485,0.327324,0.395949,0.276727
17499,0.49944,0.262092,0.238469
5855,0.501478,0.247901,0.250621
15165,0.520468,0.240168,0.239364
4574,0.472666,0.278149,0.249185
9316,0.313054,0.400958,0.285989
17011,0.519836,0.239877,0.240287
12002,0.395972,0.347222,0.256806
17674,0.430363,0.293786,0.275851
232,0.520153,0.240023,0.239823
5584,0.309243,0.44203,0.248727
18310,0.471352,0.281049,0.247598
5677,0.281733,0.287937,0.43033
18145,0.520646,0.240251,0.239103
3086,0.43234,0.322566,0.245094
15184,0.365881,0.290011,0.344108
16348,0.51566,0.242759,0.241581
17675,0.51566,0.242759,0.241581
3074,0.44319,0.300779,0.256031
3355,0.422119,0.296979,0.280903
9764,0.444947,0.293464,0.261589
4951,0.358575,0.330007,0.311419
11942,0.497502,0.250339,0.252159
3983,0.381207,0.371564,0.247229
3344,0.390609,0.350305,0.259086
8511,0.286856,0.277916,0.435228
14693,0.423849,0.333032,0.243119
16480,0.50891,0.246473,0.244617
13782,0.413099,0.324589,0.262312
4869,0.461199,0.299498,0.239303
1459,0.352272,0.419265,0.228464
10674,0.379319,0.304541,0.31614
16104,0.520468,0.240168,0.239364
16927,0.470498,0.284789,0.244713
11812,0.346961,0.247951,0.405088
12488,0.334377,0.368175,0.297448
6612,0.520153,0.240023,0.239823
10000,0.442197,0.294465,0.263338
10605,0.480078,0.27636,0.243563
18523,0.438507,0.312903,0.24859
11708,0.383449,0.360199,0.256352
12948,0.400089,0.298946,0.300964
7825,0.515312,0.242595,0.242093
14772,0.378998,0.387625,0.233377
15734,0.438248,0.298258,0.263494
17023,0.426456,0.273842,0.299702
15114,0.463513,0.283264,0.253222
4467,0.353792,0.332467,0.313741
16520,0.375573,0.37264,0.251787
17367,0.473293,0.288994,0.237713
4580,0.449355,0.279017,0.271629
6154,0.482113,0.273763,0.244124
1088,0.38475,0.282855,0.332395
15595,0.494382,0.239437,0.266181
10063,0.45362,0.309597,0.236782
7395,0.438248,0.298258,0.263494
2509,0.35762,0.410448,0.231932
15619,0.520468,0.240168,0.239364
10987,0.301028,0.452434,0.246538
4564,0.37052,0.37047,0.25901
17483,0.482949,0.274238,0.242813
16410,0.267927,0.264016,0.468057
14723,0.392323,0.353239,0.254439
1036,0.389811,0.357379,0.25281
4405,0.52073,0.240289,0.238981
7491,0.379769,0.373934,0.246297
14451,0.386468,0.362891,0.250641
18335,0.393041,0.26668,0.340278
15069,0.267927,0.264016,0.468057
2328,0.43234,0.322566,0.245094
17635,0.511591,0.247206,0.241203
16784,0.520153,0.240023,0.239823
230,0.480124,0.276386,0.24349
8896,0.343807,0.36652,0.289674
14835,0.470504,0.275448,0.254048
9983,0.404243,0.335421,0.260335
12133,0.511348,0.247089,0.241563
10893,0.386921,0.356526,0.256553
10904,0.439288,0.307513,0.253199
3087,0.391711,0.345683,0.262606
1254,0.52073,0.240289,0.238981
3402,0.315742,0.365549,0.318709
16362,0.279449,0.280803,0.439748
14681,0.437803,0.313266,0.248931
16420,0.487748,0.277971,0.234281
1559,0.52073,0.240289,0.238981
8700,0.520153,0.240023,0.239823
15452,0.442478,0.291212,0.26631
13565,0.4552,0.308702,0.236098
628,0.500426,0.236575,0.263
5344,0.286946,0.29009,0.422965
15163,0.381207,0.371564,0.247229
10766,0.511172,0.247004,0.241823
16380,0.409722,0.344484,0.245793
7770,0.484408,0.262057,0.253535
5412,0.438248,0.298258,0.263494
12885,0.43053,0.312316,0.257154
11332,0.483412,0.274501,0.242087
17718,0.390965,0.358437,0.250598
2780,0.480124,0.276386,0.24349
7411,0.487574,0.285559,0.226866
4038,0.41303,0.329628,0.257341
219,0.439103,0.298101,0.262795
382,0.499737,0.262248,0.238016
5134,0.366958,0.382325,0.250717
8782,0.357675,0.32511,0.317215
13297,0.498441,0.254144,0.247415
5655,0.327512,0.319356,0.353132
12,0.373599,0.351692,0.274708
18437,0.520468,0.240168,0.239364
15061,0.338092,0.423569,0.238339
17179,0.465942,0.264422,0.269636
15394,0.353792,0.332467,0.313741
13302,0.445106,0.274908,0.279986
16908,0.461391,0.298633,0.239977
11829,0.51262,0.247703,0.239677
18236,0.372989,0.321537,0.305474
14617,0.403922,0.344934,0.251144
1837,0.497502,0.250339,0.252159
13734,0.353793,0.304989,0.341218
14894,0.4,0.340582,0.259418
12703,0.474905,0.274275,0.250821
17190,0.358594,0.39071,0.250696
14704,0.357675,0.32511,0.317215
11412,0.52073,0.240289,0.238981
8880,0.299407,0.385437,0.315156
10855,0.326362,0.346579,0.327058
2636,0.265156,0.316526,0.418319
15890,0.406777,0.30972,0.283503
11288,0.480078,0.27636,0.243563
2037,0.399772,0.340644,0.259585
13921,0.519891,0.239902,0.240207
5640,0.411507,0.345985,0.242507
11354,0.473645,0.298848,0.227507
17161,0.411649,0.345902,0.242449
14317,0.520153,0.240023,0.239823
13513,0.406938,0.307077,0.285985
18208,0.456139,0.244681,0.29918
2020,0.517308,0.240515,0.242176
4801,0.390965,0.358437,0.250598
12728,0.520468,0.240168,0.239364
9614,0.381207,0.371564,0.247229
1259,0.315742,0.365549,0.318709
9799,0.35642,0.402728,0.240852
595,0.2558,0.355623,0.388577
13916,0.381207,0.371564,0.247229
2072,0.32842,0.335653,0.335927
3373,0.515165,0.23947,0.245366
9684,0.51566,0.242759,0.241581
9159,0.272808,0.32566,0.401532
13478,0.411761,0.346198,0.242041
14729,0.492418,0.239968,0.267614
10918,0.395461,0.339418,0.265121
11611,0.401207,0.329821,0.268972
17819,0.502699,0.251286,0.246015
17274,0.280528,0.35698,0.362492
253,0.257646,0.307561,0.434793
10504,0.411006,0.345563,0.243431
13012,0.361356,0.353009,0.285635
15828,0.519929,0.23992,0.240152
18056,0.52073,0.240289,0.238981
11009,0.453286,0.303126,0.243588
13653,0.520153,0.240023,0.239823
8329,0.353792,0.332467,0.313741
156,0.390452,0.366274,0.243274
18014,0.51566,0.242759,0.241581
2014,0.445281,0.293287,0.261432
1122,0.327572,0.428831,0.243597
17329,0.375616,0.368453,0.255931
2877,0.516134,0.238169,0.245697
10125,0.411761,0.346198,0.242041
5972,0.440051,0.296906,0.263043
4957,0.493536,0.269403,0.237061
8501,0.300164,0.375406,0.32443
18417,0.323396,0.34476,0.331844
4012,0.479091,0.272047,0.248861
13575,0.520646,0.240251,0.239103
14546,0.421696,0.324762,0.253542
12403,0.520153,0.240023,0.239823
236,0.520646,0.240251,0.239103
15805,0.418648,0.297639,0.283713
1052,0.51476,0.243351,0.241889
15084,0.375573,0.37264,0.251787
11239,0.396666,0.333507,0.269827
6191,0.43234,0.322566,0.245094
11792,0.510792,0.24682,0.242387
16090,0.410845,0.355199,0.233956
8843,0.520468,0.240168,0.239364
12914,0.480124,0.276386,0.24349
8345,0.413726,0.329237,0.257036
16801,0.474335,0.279131,0.246534
14459,0.348795,0.341896,0.30931
13139,0.458771,0.302761,0.238469
7026,0.352444,0.345532,0.302024
6008,0.442884,0.283281,0.273835
18090,0.52073,0.240289,0.238981
18514,0.447315,0.307269,0.245416
267,0.303352,0.390516,0.306132
9410,0.480777,0.272367,0.246856
1202,0.454755,0.324571,0.220674
4346,0.409722,0.344484,0.245793
3589,0.48703,0.285863,0.227107
6613,0.392548,0.355776,0.251676
10139,0.403789,0.344627,0.251584
554,0.376039,0.380084,0.243878
13876,0.516049,0.238129,0.245821
8173,0.301658,0.292257,0.406085
15205,0.520646,0.240251,0.239103
3010,0.32842,0.335653,0.335927
14580,0.423849,0.333032,0.243119
8113,0.52073,0.240289,0.238981
9485,0.41345,0.372107,0.214443
18517,0.452814,0.291064,0.256122
15395,0.472485,0.280081,0.247434
3223,0.497466,0.263584,0.238949
13016,0.51566,0.242759,0.241581
9819,0.479826,0.276215,0.243959
12485,0.52073,0.240289,0.238981
12664,0.387996,0.35415,0.257854
10761,0.35762,0.410448,0.231932
4787,0.481782,0.275177,0.243042
2376,0.318732,0.410315,0.270953
9858,0.414325,0.316966,0.268708
18112,0.425521,0.30734,0.267139
5833,0.395972,0.347222,0.256806
14234,0.475761,0.273875,0.250365
12547,0.504119,0.253939,0.241942
1683,0.466111,0.26677,0.267119
3177,0.298863,0.37378,0.327357
5131,0.480124,0.276386,0.24349
2989,0.497763,0.26083,0.241407
18268,0.395972,0.347222,0.256806
8165,0.315742,0.365549,0.318709
14193,0.4763,0.27508,0.24862
14202,0.479999,0.276315,0.243687
8788,0.472811,0.280274,0.246915
1273,0.444632,0.320536,0.234832
1013,0.366502,0.371682,0.261816
10073,0.317336,0.411156,0.271508
5234,0.520646,0.240251,0.239103
354,0.309243,0.44203,0.248727
17030,0.453754,0.307599,0.238647
17496,0.473471,0.276465,0.250064
13772,0.515312,0.242595,0.242093
7863,0.343146,0.419696,0.237158
18447,0.272808,0.32566,0.401532
10466,0.328917,0.280635,0.390448
9902,0.519836,0.239877,0.240287
1093,0.474596,0.292792,0.232612
16271,0.432353,0.31965,0.247997
4584,0.453286,0.303126,0.243588
3335,0.303728,0.442595,0.253677
10695,0.317336,0.411156,0.271508
9569,0.375573,0.37264,0.251787
791,0.371475,0.329337,0.299188
101,0.480124,0.276386,0.24349
9332,0.473645,0.298848,0.227507
10287,0.410317,0.309627,0.280057
6086,0.332902,0.42689,0.240208
16461,0.300655,0.451874,0.247472
12443,0.288327,0.31871,0.392963
7440,0.45836,0.299557,0.242083
9773,0.511591,0.247206,0.241203
8518,0.373101,0.386818,0.24008
9030,0.436667,0.253442,0.309891
1461,0.381207,0.371564,0.247229
15802,0.52073,0.240289,0.238981
10281,0.480124,0.276386,0.24349
3712,0.398283,0.296438,0.305279
14320,0.474333,0.248931,0.276736
7285,0.508403,0.246227,0.24537
8532,0.480124,0.276386,0.24349
13861,0.3109,0.37535,0.313749
15669,0.462872,0.315381,0.221747
9515,0.520468,0.240168,0.239364
5699,0.393078,0.346712,0.26021
13087,0.276053,0.277391,0.446557
2036,0.351068,0.262318,0.386614
13603,0.520468,0.240168,0.239364
1649,0.389691,0.35727,0.253039
11935,0.482738,0.274118,0.243144
18051,0.355801,0.241413,0.402786
2127,0.496074,0.263201,0.240725
9765,0.298294,0.288998,0.412707
655,0.449898,0.316223,0.233879
12963,0.400893,0.350776,0.248331
13450,0.518448,0.240757,0.240795
16279,0.397628,0.326879,0.275493
17945,0.461758,0.285961,0.25228
8823,0.396043,0.334109,0.269849
1772,0.357304,0.262999,0.379697
17523,0.457325,0.271811,0.270864
12404,0.304384,0.337057,0.358559
6179,0.52073,0.240289,0.238981
13531,0.432101,0.291474,0.276425
3588,0.479999,0.276315,0.243687
9429,0.472811,0.280274,0.246915
7175,0.469516,0.308366,0.222117
7452,0.35347,0.390471,0.256059
1200,0.414573,0.309769,0.275659
12298,0.51566,0.242759,0.241581
6189,0.389811,0.357379,0.25281
1181,0.480078,0.27636,0.243563
10469,0.31235,0.448894,0.238756
5760,0.520153,0.240023,0.239823
16232,0.41126,0.345777,0.242963
11345,0.389811,0.357379,0.25281
4602,0.52073,0.240289,0.238981
7363,0.316192,0.409674,0.274134
10688,0.411051,0.345601,0.243348
13870,0.351068,0.262318,0.386614
915,0.481269,0.273611,0.24512
8260,0.520468,0.240168,0.239364
7376,0.499007,0.251096,0.249897
1862,0.52073,0.240289,0.238981
16179,0.424465,0.304293,0.271242
512,0.374588,0.355383,0.270029
12553,0.52073,0.240289,0.238981
17710,0.482821,0.263244,0.253935
5309,0.407988,0.349356,0.242656
2800,0.414368,0.325586,0.260046
16338,0.410077,0.327074,0.262848
6193,0.493536,0.269403,0.237061
11749,0.401112,0.341786,0.257102
5076,0.389196,0.356815,0.253989
14174,0.434732,0.289405,0.275864
1870,0.49577,0.266062,0.238168
10919,0.520468,0.240168,0.239364
7089,0.30945,0.450849,0.239701
2023,0.40268,0.33485,0.26247
17572,0.411761,0.346198,0.242041
15937,0.320287,0.370811,0.308902
9940,0.267927,0.264016,0.468057
13047,0.486583,0.277307,0.23611
7548,0.374685,0.350013,0.275302
10373,0.511591,0.247206,0.241203
930,0.415079,0.310147,0.274774
10215,0.483412,0.274501,0.242087
744,0.431018,0.299648,0.269334
16854,0.472811,0.280274,0.246915
12956,0.52073,0.240289,0.238981
14205,0.469174,0.270083,0.260743
1894,0.471138,0.274226,0.254636
6549,0.396308,0.346357,0.257336
6430,0.497945,0.263711,0.238344
5999,0.449114,0.309364,0.241521
15999,0.497945,0.263711,0.238344
16236,0.474905,0.274275,0.250821
16282,0.410083,0.344788,0.245129
2487,0.27226,0.268285,0.459455
3969,0.322143,0.312105,0.365752
117,0.356765,0.383864,0.259371
14122,0.435404,0.319865,0.244731
14135,0.35762,0.410448,0.231932
1637,0.41126,0.345777,0.242963
7707,0.411903,0.346115,0.241983
4528,0.480078,0.27636,0.243563
6200,0.520468,0.240168,0.239364
13119,0.520468,0.240168,0.239364
5512,0.411507,0.345985,0.242507
3955,0.501527,0.262802,0.235671
5617,0.410083,0.344788,0.245129
942,0.519722,0.239824,0.240453
2172,0.499708,0.261849,0.238443
18390,0.420205,0.360092,0.219703
3961,0.372913,0.299397,0.32769
4150,0.438248,0.298258,0.263494
8191,0.411761,0.346198,0.242041
15520,0.351867,0.418783,0.22935
11898,0.52073,0.240289,0.238981
5489,0.326362,0.346579,0.327058
15038,0.479826,0.276215,0.243959
7964,0.520153,0.240023,0.239823
3779,0.454646,0.294297,0.251057
13285,0.453741,0.310406,0.235854
8110,0.410648,0.278626,0.310726
15417,0.439288,0.307513,0.253199
739,0.508403,0.246227,0.24537
7741,0.351068,0.262318,0.386614
1801,0.344113,0.421188,0.2347
8015,0.401815,0.275421,0.322763
10878,0.355227,0.241023,0.40375
9275,0.451004,0.305735,0.243261
10184,0.52073,0.240289,0.238981
7895,0.50212,0.263113,0.234768
736,0.428359,0.286901,0.28474
9790,0.480124,0.276386,0.24349
9553,0.497677,0.267085,0.235237
2833,0.479052,0.275769,0.245179
7195,0.492014,0.268573,0.239413
1450,0.460507,0.300643,0.23885
1348,0.42617,0.310081,0.263749
9646,0.515611,0.242736,0.241653
8733,0.372417,0.321043,0.30654
8715,0.475174,0.277482,0.247343
14000,0.409974,0.330462,0.259564
12152,0.420221,0.198658,0.38112
7977,0.38933,0.356902,0.253768
11579,0.269032,0.334992,0.395975
14377,0.470386,0.280236,0.249378
17048,0.479709,0.261547,0.258744
14460,0.410587,0.345211,0.244202
17018,0.520468,0.240168,0.239364
13982,0.480078,0.27636,0.243563
9092,0.47151,0.274168,0.254321
15543,0.334843,0.342216,0.322941
13485,0.465955,0.282357,0.251689
8303,0.304678,0.311388,0.383934
6830,0.470406,0.311754,0.21784
13293,0.391227,0.300685,0.308088
15853,0.32842,0.335653,0.335927
5109,0.267927,0.264016,0.468057
6677,0.393218,0.348509,0.258273
3439,0.376039,0.380084,0.243878
13121,0.35762,0.410448,0.231932
15484,0.374882,0.318516,0.306602
12964,0.415628,0.325786,0.258585
3710,0.47058,0.293315,0.236105
10259,0.35762,0.410448,0.231932
4373,0.47768,0.292874,0.229445
987,0.341073,0.405937,0.25299
17280,0.452814,0.291064,0.256122
15338,0.38512,0.377599,0.237282
14405,0.412984,0.322661,0.264355
17611,0.395754,0.339669,0.264578
9062,0.515611,0.242736,0.241653
2482,0.493238,0.269241,0.237521
9206,0.454239,0.31007,0.235691
3915,0.410587,0.345211,0.244202
17347,0.520468,0.240168,0.239364
7689,0.332902,0.42689,0.240208
7777,0.47768,0.292874,0.229445
17768,0.395461,0.339418,0.265121
7896,0.497677,0.267085,0.235237
5815,0.331271,0.335514,0.333215
18329,0.497945,0.263711,0.238344
2851,0.395352,0.340339,0.264309
13247,0.448349,0.311388,0.240263
9252,0.314522,0.40751,0.277968
14282,0.338092,0.423569,0.238339
14279,0.473332,0.270573,0.256096
2521,0.415079,0.310147,0.274774
4872,0.520468,0.240168,0.239364
13584,0.383049,0.272561,0.34439
5477,0.437814,0.254106,0.30808
17043,0.327972,0.362001,0.310027
2286,0.497797,0.263096,0.239108
4890,0.452134,0.297794,0.250072
1960,0.518448,0.240757,0.240795
8801,0.271385,0.283945,0.444669
2970,0.416318,0.313681,0.270001
2820,0.469126,0.306165,0.224709
17422,0.399916,0.298817,0.301267
5861,0.510516,0.248787,0.240696
2505,0.35762,0.410448,0.231932
8053,0.316983,0.441046,0.241971
3822,0.40112,0.337252,0.261628
10394,0.436663,0.302748,0.260589
16034,0.415079,0.310147,0.274774
15627,0.253763,0.302925,0.443312
2661,0.308745,0.357448,0.333807
1083,0.507989,0.251737,0.240274
735,0.480078,0.27636,0.243563
410,0.507424,0.251456,0.24112
15715,0.444947,0.293464,0.261589
14489,0.492623,0.253472,0.253905
7960,0.378529,0.357403,0.264069
1846,0.472811,0.280274,0.246915
18202,0.45764,0.271997,0.270363
3196,0.510516,0.248787,0.240696
539,0.290341,0.334766,0.374893
11508,0.323748,0.347925,0.328328
12672,0.480124,0.276386,0.24349
10189,0.456533,0.287326,0.256141
3997,0.515611,0.242736,0.241653
6433,0.520468,0.240168,0.239364
7893,0.501133,0.262595,0.236272
10689,0.395276,0.339727,0.264996
4606,0.370088,0.345241,0.284671
16209,0.480124,0.276386,0.24349
14475,0.418844,0.308151,0.273006
2418,0.495437,0.262863,0.2417
5755,0.520468,0.240168,0.239364
14873,0.345726,0.272963,0.381311
11931,0.272808,0.32566,0.401532
6980,0.347591,0.417431,0.234978
12677,0.439146,0.239714,0.321141
5276,0.267927,0.264016,0.468057
6964,0.422717,0.292265,0.285018
1928,0.475617,0.278417,0.245966
4304,0.392644,0.343642,0.263713
7222,0.466815,0.288729,0.244456
2717,0.422162,0.302669,0.275168
12563,0.30814,0.253932,0.437929
1940,0.408166,0.329811,0.262023
15530,0.31235,0.448894,0.238756
10797,0.311301,0.315621,0.373078
3874,0.345353,0.319608,0.335039
3120,0.500731,0.262385,0.236884
17069,0.400049,0.348891,0.251059
5980,0.355801,0.241413,0.402786
10933,0.268599,0.296903,0.434498
14738,0.518639,0.241085,0.240277
2812,0.352271,0.411563,0.236166
15696,0.520646,0.240251,0.239103
2528,0.499091,0.251138,0.249771
15384,0.410083,0.344788,0.245129
11279,0.469931,0.31144,0.218629
14865,0.43234,0.322566,0.245094
18432,0.398597,0.348822,0.252581
6878,0.341725,0.378406,0.279869
7799,0.375132,0.376538,0.24833
16994,0.322304,0.271281,0.406415
7335,0.390965,0.358437,0.250598
4484,0.519638,0.239786,0.240576
8723,0.411761,0.346198,0.242041
3565,0.520153,0.240023,0.239823
5820,0.304678,0.311388,0.383934
9158,0.38933,0.356902,0.253768
10052,0.52073,0.240289,0.238981
11890,0.40258,0.343074,0.254346
9248,0.480124,0.276386,0.24349
3792,0.418745,0.313213,0.268043
9286,0.413267,0.322196,0.264537
4088,0.324368,0.394885,0.280747
3052,0.286856,0.277916,0.435228
7986,0.417501,0.330999,0.251501
18116,0.31995,0.370421,0.309629
10611,0.499091,0.251138,0.249771
11217,0.30961,0.401147,0.289243
600,0.499007,0.251096,0.249897
4039,0.422329,0.289816,0.287856
7638,0.480124,0.276386,0.24349
3016,0.378164,0.357459,0.264377
17906,0.315637,0.437938,0.246425
2390,0.501133,0.262595,0.236272
1525,0.411761,0.346198,0.242041
9910,0.271561,0.377534,0.350905
4294,0.415079,0.310147,0.274774
14046,0.356191,0.376866,0.266943
7524,0.430033,0.312221,0.257746
4870,0.410587,0.345211,0.244202
11305,0.51566,0.242759,0.241581
16940,0.402245,0.336881,0.260874
8428,0.390965,0.358437,0.250598
13597,0.36169,0.398487,0.239823
3024,0.44044,0.293809,0.265751
3743,0.432642,0.280392,0.286966
12994,0.399746,0.322218,0.278036
419,0.49246,0.232809,0.274731
13403,0.352272,0.419265,0.228464
11215,0.384565,0.371691,0.243744
6484,0.501133,0.262595,0.236272
14793,0.487919,0.256061,0.25602
10680,0.319705,0.370138,0.310157
5526,0.520646,0.240251,0.239103
7627,0.520468,0.240168,0.239364
8869,0.52073,0.240289,0.238981
6009,0.475609,0.273787,0.250604
10727,0.44883,0.308813,0.242357
14242,0.454426,0.299261,0.246313
13138,0.497945,0.263711,0.238344
5635,0.434801,0.281792,0.283407
8846,0.303352,0.390516,0.306132
17159,0.395972,0.347222,0.256806
15090,0.267927,0.264016,0.468057
5706,0.377068,0.327374,0.295557
8527,0.253763,0.302925,0.443312
4698,0.338246,0.381702,0.280052
13693,0.479826,0.276215,0.243959
18084,0.308275,0.285112,0.406613
14736,0.52073,0.240289,0.238981
10165,0.481282,0.28013,0.238588
17992,0.437746,0.227534,0.33472
3672,0.39498,0.343035,0.261985
2822,0.43021,0.303712,0.266078
8205,0.498355,0.229964,0.271681
9530,0.520468,0.240168,0.239364
14630,0.454157,0.27345,0.272393
10909,0.515312,0.242595,0.242093
6389,0.359828,0.372096,0.268076
2098,0.454618,0.30898,0.236403
6214,0.520646,0.240251,0.239103
15277,0.440051,0.296906,0.263043
13922,0.450211,0.292962,0.256827
10365,0.328721,0.420061,0.251218
17075,0.272808,0.32566,0.401532
10945,0.439288,0.307513,0.253199
4420,0.358037,0.380567,0.261396
15940,0.493536,0.269403,0.237061
13038,0.416318,0.313681,0.270001
13153,0.395754,0.339669,0.264578
3715,0.406422,0.29751,0.296067
6473,0.33615,0.389177,0.274673
1146,0.384055,0.361206,0.254739
15413,0.39175,0.22737,0.380879
14645,0.470752,0.296024,0.233225
11649,0.44846,0.313353,0.238187
10506,0.467811,0.251601,0.280588
559,0.469326,0.289697,0.240977
14398,0.52073,0.240289,0.238981
13669,0.450168,0.293155,0.256677
18438,0.397625,0.347508,0.254867
7531,0.479826,0.276215,0.243959
6587,0.520468,0.240168,0.239364
11108,0.355801,0.241413,0.402786
4463,0.520646,0.240251,0.239103
3494,0.464449,0.297743,0.237808
1045,0.416415,0.311145,0.27244
10061,0.481655,0.266251,0.252094
4369,0.48564,0.27075,0.24361
15432,0.400089,0.298946,0.300964
11972,0.338026,0.340579,0.321395
16019,0.469862,0.246241,0.283897
6281,0.476174,0.278435,0.245391
9841,0.288327,0.31871,0.392963
4411,0.372973,0.366279,0.260748
16425,0.267927,0.264016,0.468057
